# Fix print output for fix thermo
0 0.999999999999999
200 0.657907272140161
400 1.17882735677417
600 2.07776833720867
800 4.09263129298136
1000 7.8625142308414
1200 13.1096263268627
1400 29.3936884050115
1600 61.1693209018952
1800 122.196336982158
2000 196.375930903028
2200 226.975983717447
2400 259.974200445658
2600 247.279257383656
2800 289.891152534157
3000 299.982967390743
3200 275.763494822367
3400 314.448527666764
3600 354.638987616761
3800 319.72774321141
4000 350.733707668844
4200 381.094502150048
4400 382.427874657271
4600 359.077324169331
4800 406.43963508284
5000 408.965267787078
5200 416.190139995629
5400 465.908136301726
5600 456.843380076605
5800 469.114147741841
6000 503.811431012996
6200 532.072129769561
6400 505.826222715941
6600 507.01806301974
6800 556.260357464469
7000 546.700346394636
7200 557.977702188776
7400 582.531752510825
7600 591.603455573937
7800 593.992276854152
8000 630.188893049088
8200 627.91135551105
8400 626.28654119209
8600 660.390688172096
8800 680.819976747985
9000 669.575127054248
9200 693.602725152302
9400 706.574642175414
9600 717.273725682855
9800 707.129557824389
10000 738.703068579778
10200 754.77880145986
10400 757.152062832639
10600 766.156183036137
10800 813.97639948387
11000 806.265785326949
11200 791.17435599877
11400 832.635392678305
11600 856.675711103621
11800 850.608388682199
12000 871.44165036216
12200 867.674373584269
12400 848.47828382235
12600 905.453012891331
12800 933.954804359053
13000 926.784182039085
13200 952.685007649874
13400 951.296756141789
13600 984.921598799849
13800 960.248595575884
14000 998.826842754835
14200 968.237221467099
14400 1024.83816536132
14600 1025.47876150795
14800 1030.56873103909
15000 1037.33376439346
15200 1047.08248376525
15400 1062.80583044877
15600 1110.18035850454
15800 1097.93447776639
16000 1100.4085183816
16200 1184.16245760568
16400 1146.06403642152
16600 1139.22435668624
16800 1128.57022679884
17000 1189.59170462163
17200 1233.89582431761
17400 1195.69925189761
17600 1239.9556666358
17800 1284.89057073148
18000 1173.97297834045
18200 1242.95835520248
18400 1273.04747316777
18600 1277.3999510266
18800 1280.70209259144
19000 1338.85143666424
19200 1287.20867902128
19400 1301.483661163
19600 1354.72469093654
19800 1362.0910056821
20000 1406.76891018198
20200 1383.46417106185
20400 1352.60083783645
20600 1422.15608429475
20800 1472.80653912867
21000 1419.19408594908
21200 1423.73925883215
21400 1422.44240109002
21600 1464.00183765924
21800 1492.76929779775
22000 1498.93178865755
22200 1515.36958969108
22400 1478.84699449625
22600 1539.44689802047
22800 1608.09024001247
23000 1563.95321071722
23200 1563.5946852429
23400 1570.6229311489
23600 1507.04736312506
23800 1554.57373153479
24000 1592.25407890579
24200 1683.05408118576
24400 1663.77646464607
24600 1592.66983771039
24800 1676.8993802153
25000 1718.21848933486
25200 1639.08230141043
25400 1659.62452673554
25600 1683.08522778663
25800 1816.86671521818
26000 1739.9792962134
26200 1684.47353446832
26400 1795.38372400518
26600 1781.71516150988
26800 1834.44335956714
27000 1819.5254074623
27200 1813.02362312831
27400 1870.96192996349
27600 1947.35928527468
27800 1818.49173758233
28000 1868.75458566277
28200 1950.50184604087
28400 1860.65709538923
28600 1859.65117793056
28800 1994.53659387134
29000 1910.64932308811
29200 2003.08333366082
29400 1989.71796649596
29600 2075.16952707509
29800 1952.88679565131
30000 2021.6972828135
30000 2021.6972828135
30200 1972.84650874957
30400 1999.24410063957
30600 1934.4411465171
30800 1968.06374041653
31000 1944.09469969974
31200 1939.02279325084
31400 2027.23348206072
31600 1879.54466157408
31800 2006.18994756446
32000 1928.55023268879
32200 1923.5099589587
32400 1934.83381896185
32600 1969.67569916787
32800 1853.20649235752
33000 1936.07557942175
33200 1976.22093508319
33400 1876.22036906748
33600 1847.34551928042
33800 1862.61201365018
34000 1885.59062372793
34200 1842.12951488043
34400 1959.73351961403
34600 1831.63343447861
34800 1868.78502206539
35000 1771.64645290092
35200 1845.18558534572
35400 1852.31977182347
35600 1770.53040174891
35800 1788.93034468165
36000 1804.31920235109
36200 1791.45303253158
36400 1760.63387722993
36600 1902.65937298647
36800 1792.34525328091
37000 1825.4569392577
37200 1666.00679386195
37400 1791.95582909206
37600 1741.37666092732
37800 1776.20180146452
38000 1720.75360123031
38200 1681.35696555982
38400 1743.35059780066
38600 1692.46159177785
38800 1793.88500806048
39000 1685.1155652414
39200 1636.17985371787
39400 1743.42696651418
39600 1757.79471688659
39800 1718.7124123015
40000 1703.80240976603
40200 1717.86749288735
40400 1682.79778370768
40600 1690.05925774989
40800 1646.05879617797
41000 1747.0020054198
41200 1661.0377689612
41400 1625.36889911118
41600 1667.11793878228
41800 1599.49267614823
42000 1656.08787915576
42200 1569.71118897915
42400 1694.50877133707
42600 1579.17261685942
42800 1553.19806186581
43000 1589.53477077931
43200 1595.23361347894
43400 1542.70070460316
43600 1618.13091128403
43800 1549.94470898773
44000 1501.11132339275
44200 1588.32234373145
44400 1573.16192392248
44600 1538.82457800688
44800 1527.00624938382
45000 1462.7018090369
45200 1591.09706478855
45400 1500.32488752701
45600 1474.80849580614
45800 1492.61351244786
46000 1561.83291644126
46200 1480.46453559666
46400 1460.60337343693
46600 1400.57680840715
46800 1464.46337537448
47000 1373.50287381747
47200 1420.24666085158
47400 1490.45678394359
47600 1436.64224029333
47800 1439.16026295281
48000 1423.10862394409
48200 1473.38714164649
48400 1418.85749397678
48600 1449.29137570807
48800 1352.16386171396
49000 1426.44174852835
49200 1385.25712054206
49400 1327.10617715795
49600 1377.28559786979
49800 1402.45851054434
50000 1352.3829029916
50200 1309.83407088839
50400 1357.89065811815
50600 1339.1210213092
50800 1388.37812029172
51000 1282.4171490253
51200 1364.5431599471
51400 1353.11492226167
51600 1342.11223167994
51800 1249.78474477215
52000 1288.84752492518
52200 1274.81802667908
52400 1245.93724864197
52600 1327.36413937014
52800 1268.54677379518
53000 1233.78395797112
53200 1258.78324691884
53400 1271.3422523849
53600 1226.97184353191
53800 1227.6555926042
54000 1226.32641242038
54200 1263.53832033196
54400 1241.34317256121
54600 1269.23248265813
54800 1222.42922843325
55000 1168.76725982024
55200 1199.3382835478
55400 1215.35981929076
55600 1160.76491546772
55800 1196.54248009827
56000 1216.91404189726
56200 1184.78109248207
56400 1119.81785442549
56600 1163.45095864596
56800 1158.8863422369
57000 1162.18051740023
57200 1152.68858819172
57400 1123.07055524602
57600 1102.84622403623
57800 1141.56226398342
58000 1113.07250125917
58200 1085.68634925964
58400 1069.73897479716
58600 1110.61449340881
58800 1080.47728522485
59000 1086.19258298858
59200 1022.90550040204
59400 1039.74271470595
59600 1042.43377260225
59800 1078.40316309956
60000 1047.3515792936
60200 1041.20862096894
60400 1046.91957607847
60600 1036.01857311413
60800 1012.29101229556
61000 1051.30704394389
61200 998.246732969994
61400 965.477653150393
61600 1014.53950504082
61800 1029.82515975453
62000 959.908341749841
62200 972.486146081709
62400 962.206435720515
62600 954.334608092161
62800 978.538901269751
63000 955.390574871854
63200 907.054580546657
63400 938.470159848433
63600 930.836621619627
63800 917.879523347402
64000 932.402611865898
64200 929.280742900423
64400 905.117099697558
64600 908.710665210537
64800 914.812956674773
65000 864.338644370403
65200 906.806164505412
65400 900.72336253817
65600 847.843959381639
65800 881.367755359837
66000 825.28087921656
66200 864.17022998377
66400 851.038052449093
66600 843.626972456225
66800 814.701772320977
67000 818.463628711057
67200 836.322360706086
67400 816.043193452771
67600 808.94723744794
67800 850.178545581901
68000 819.324656637767
68200 767.12937282478
68400 757.048220165059
68600 761.799950791118
68800 763.667376263243
69000 758.07632459486
69200 764.291009374315
69400 737.842398691652
69600 782.077740096919
69800 724.467651467638
70000 740.545072278749
70200 771.261985494298
70400 762.356181718141
70600 717.951317277331
70800 724.641042756397
71000 704.461146549853
71200 697.822702928237
71400 658.129989422751
71600 671.880580490819
71800 671.78741922254
72000 651.897608725263
72200 668.051124389012
72400 667.967354305672
72600 650.609484837486
72800 653.967604371994
73000 644.789749490167
73200 653.26686030276
73400 615.21878030837
73600 607.330527519856
73800 605.305738572605
74000 600.787638400013
74200 599.316960560155
74400 588.126556646616
74600 607.436834381725
74800 551.317768757461
75000 597.135013294433
75200 565.296198815006
75400 553.283325294104
75600 557.010025141811
75800 556.358436889464
76000 551.34634096472
76200 525.137138625765
76400 538.648786693598
76600 565.549375955443
76800 524.281222832419
77000 499.591815729944
77200 498.969118253733
77400 520.619175389039
77600 485.831089748483
77800 489.304744415349
78000 497.099231756075
78200 490.914888466713
78400 449.963197357058
78600 491.094131125568
78800 469.228756236455
79000 466.277620981183
79200 439.4352238738
79400 443.274334382966
79600 425.241073270674
79800 430.646333176449
80000 411.046510381183
80200 418.007008148459
80400 428.916490323114
80600 390.294080186536
80800 389.31719197293
81000 361.950891894958
81200 372.21933463087
81400 376.54258076145
81600 370.531669092974
81800 356.615380906206
82000 352.989302246721
82200 346.223580555853
82400 352.939932464164
82600 331.062551130581
82800 321.164207225171
83000 315.188942447772
83200 333.699475570595
83400 307.515522776893
83600 294.931221809785
83800 293.757673339433
84000 273.597898599802
84200 280.605042047876
84400 284.54862077254
84600 267.225831576685
84800 266.399607633896
85000 260.435448567307
85200 245.055071992928
85400 248.858378734158
85600 242.307851728735
85800 236.145676058302
86000 221.549107151708
86200 230.381503227857
86400 213.018115888663
86600 209.567061867211
86800 211.56757415638
87000 196.894152320332
87200 196.431765283463
87400 181.124896571648
87600 186.425330136386
87800 172.385350411169
88000 165.651993311604
88200 162.201300246603
88400 156.813391018911
88600 149.720232406032
88800 142.097990735471
89000 139.107309552407
89200 123.034295854895
89400 123.61866669266
89600 113.219925108545
89800 108.581890400878
90000 103.25843534802
